<?xml version="1.0" standalone="no"?>
<!DOCTYPE svg PUBLIC "-//W3C//DTD SVG 20010904//EN"
 "http://www.w3.org/TR/2001/REC-SVG-20010904/DTD/svg10.dtd">
<svg version="1.0" xmlns="http://www.w3.org/2000/svg"
 width="500.000000pt" height="500.000000pt" viewBox="0 0 500.000000 500.000000"
 preserveAspectRatio="xMidYMid meet">
<metadata>
Created by potrace 1.11, written by Peter Selinger 2001-2013
</metadata>
<g transform="translate(0.000000,500.000000) scale(0.100000,-0.100000)"
fill="#000000" stroke="none">
<path d="M2280 4988 c-30 -4 -73 -9 -95 -12 -22 -3 -74 -12 -115 -21 -317 -70
-616 -214 -870 -420 -58 -47 -261 -255 -312 -320 -107 -137 -212 -311 -269
-446 -16 -41 -37 -88 -45 -105 -17 -38 -80 -255 -88 -304 -3 -19 -13 -73 -21
-120 -10 -52 -18 -157 -20 -270 -4 -247 7 -356 60 -565 86 -339 252 -646 489
-903 l50 -53 184 188 c101 103 225 229 274 280 l91 91 -39 42 c-106 114 -215
301 -268 460 -45 135 -60 234 -60 395 -1 184 12 279 60 430 17 54 112 257 124
265 4 3 13 16 20 30 18 35 116 158 160 200 260 255 561 381 910 381 74 0 144
-2 155 -4 11 -3 40 -8 65 -12 133 -21 304 -86 437 -166 49 -29 90 -55 93 -58
3 -3 27 -24 55 -46 206 -165 364 -413 434 -680 30 -113 36 -175 35 -350 -1
-137 -5 -175 -27 -268 -51 -204 -153 -412 -266 -537 -18 -19 -40 -46 -50 -60
l-19 -25 272 -278 273 -278 49 54 c95 105 152 177 219 282 143 221 245 475
294 725 31 163 33 183 36 380 5 300 -36 531 -141 795 -78 199 -211 429 -319
551 -5 7 -37 43 -70 80 -73 84 -210 210 -308 281 -39 29 -77 56 -82 61 -50 42
-296 167 -405 206 -41 15 -84 31 -95 36 -22 9 -160 45 -215 56 -19 4 -39 9
-45 10 -139 29 -459 41 -595 22z"/>
<path d="M2351 3635 c-158 -35 -282 -103 -397 -220 -110 -111 -184 -252 -213
-405 -10 -58 -8 -231 4 -290 62 -301 294 -533 604 -604 60 -14 255 -16 306 -3
11 3 40 11 65 18 25 7 47 13 50 14 3 0 32 14 65 30 206 98 360 284 421 507 25
90 25 290 0 383 -25 95 -86 219 -144 290 -102 127 -259 230 -412 271 -85 22
-265 27 -349 9z"/>
<path d="M1440 1360 c-223 -226 -406 -420 -408 -430 -3 -19 10 -65 48 -159 44
-113 144 -232 254 -303 58 -38 170 -78 217 -78 17 0 61 38 160 136 l136 136
159 -162 c87 -89 234 -238 325 -330 l165 -168 35 33 c19 18 166 166 327 328
l293 295 137 -139 137 -139 45 4 c278 27 471 219 497 492 l5 60 -142 145 c-78
79 -263 266 -411 415 l-269 270 -325 -327 -325 -328 -327 330 -328 330 -405
-411z"/>
</g>
</svg>
